time	ke_at_point[J/kg]
0	1261.19
0.0005	1177.64
0.001	1141.98
0.0015	1116.27
0.002	1095.8
0.0025	1080.36
0.003	1067.71
0.0035	1056.9
0.004	1047.26
0.0045	1038.15
0.005	1030.46
0.0055	1022.45
0.006	1015.37
0.0065	1008.72
0.007	1002.61
0.0075	997.034
0.008	992.346
0.0085	988.957
0.009	986.824
0.0095	985.572
0.01	984.839
0.0105	984.273
0.011	983.716
0.0115	983.157
0.012	982.407
0.0125	981.386
0.013	980.238
0.0135	978.534
0.014	976.59
0.0145	974.418
0.015	972.361
0.0155	970.104
0.016	967.983
0.0165	965.709
0.017	963.395
0.0175	961.4
0.018	959.757
0.0185	958.007
0.019	955.771
0.0195	953.225
0.02	950.892
0.0205	949.233
0.021	948.45
0.0215	948.292
0.022	947.903
0.0225	946.989
0.023	945.993
0.0235	945.692
0.024	946.597
0.0245	949.039
0.025	952.587
0.0255	953.424
0.026	953.044
0.0265	953.111
0.027	953.747
0.0275	954.231
0.028	954.609
0.0285	954.838
0.029	954.954
0.0295	955.03
0.03	955.088
0.0305	955.356
0.031	955.933
0.0315	956.668
0.032	956.561
0.0325	955.655
0.033	954.289
0.0335	952.867
0.034	951.235
0.0345	949.431
0.035	947.179
0.0355	944.954
0.036	943.652
0.0365	943.117
0.037	942.489
0.0375	941.586
0.038	940.418
0.0385	939.602
0.039	939.245
0.0395	939.27
0.04	939.051
0.0405	938.565
0.041	937.449
0.0415	936.13
0.042	935.296
0.0425	935.103
0.043	935.077
0.0435	935.008
0.044	934.459
0.0445	933.669
0.045	932.651
0.0455	931.294
0.046	929.652
0.0465	927.052
0.047	923.635
0.0475	919.911
0.048	916.416
0.0485	913.401
0.049	910.882
0.0495	908.916
0.05	907.523
0.0505	906.116
0.051	905.021
0.0515	903.789
0.052	902.525
0.0525	901.606
0.053	900.517
0.0535	900.025
0.054	899.781
0.0545	899.694
0.055	899.071
0.0555	898.381
0.056	897.918
0.0565	897.398
0.057	896.938
0.0575	896.54
0.058	896.199
0.0585	896.364
0.059	896.502
0.0595	896.711
0.06	897.354
0.0605	898.686
0.061	900.708
0.0615	902.852
0.062	904.476
0.0625	906.046
0.063	907.747
0.0635	909.865
0.064	912.376
0.0645	914.709
0.065	916.95
0.0655	919.445
0.066	921.365
0.0665	922.686
0.067	923.79
0.0675	924.654
0.068	924.976
0.0685	923.965
0.069	922.001
0.0695	919.47
0.07	916.77
0.0705	914.193
0.071	911.974
0.0715	910.424
0.072	909.206
0.0725	907.713
0.073	905.895
0.0735	904.29
0.074	903.1
0.0745	902.268
0.075	901.688
0.0755	901.588
0.076	901.293
0.0765	900.103
0.077	898.531
0.0775	896.889
0.078	895.362
0.0785	894.448
0.079	893.879
0.0795	892.613
0.08	891.846
0.0805	891.54
0.081	891.722
0.0815	891.963
0.082	892.446
0.0825	892.375
0.083	892.092
0.0835	891.67
0.084	891.225
0.0845	891.509
0.085	892.315
0.0855	892.622
0.086	892.542
0.0865	892.165
0.087	891.675
0.0875	889.848
0.088	887.943
0.0885	886.526
0.089	886.07
0.0895	887.384
0.09	889.286
0.0905	891.72
0.091	895.523
0.0915	899.601
0.092	902.681
0.0925	904.228
0.093	905.051
0.0935	903.923
0.094	901.285
0.0945	898.137
0.095	895.247
0.0955	892.83
0.096	891.19
0.0965	889.98
0.097	889.027
0.0975	887.447
0.098	884.811
0.0985	882.739
0.099	881.19
0.0995	880.715
0.1	881.44
0.1005	883.163
0.101	885.427
0.1015	888.358
0.102	891.638
0.1025	895.069
0.103	898.728
0.1035	902.468
0.104	906.586
0.1045	909.68
0.105	911.79
0.1055	913.016
0.106	914.076
0.1065	914.869
0.107	915.05
0.1075	914.987
0.108	914.549
0.1085	914.243
0.109	914.011
0.1095	913.95
0.11	913.805
0.1105	913.331
0.111	912.767
0.1115	912.07
0.112	911.513
0.1125	910.807
0.113	909.742
0.1135	908.538
0.114	906.834
0.1145	904.602
0.115	902.175
0.1155	899.97
0.116	898.081
0.1165	896.447
0.117	894.768
0.1175	893.213
0.118	891.68
0.1185	890.143
0.119	888.31
0.1195	886.664
0.12	884.926
0.1205	883.908
0.121	883.935
0.1215	884.908
0.122	886.059
0.1225	887.336
0.123	889.034
0.1235	891.054
0.124	893.404
0.1245	895.455
0.125	897.087
0.1255	897.282
0.126	896.929
0.1265	895.847
0.127	894.253
0.1275	892.439
0.128	891.145
0.1285	890.401
0.129	890.12
0.1295	889.721
0.13	888.895
0.1305	888.212
0.131	887.023
0.1315	885.637
0.132	882.685
0.1325	878.921
0.133	874.953
0.1335	871.422
0.134	868.84
0.1345	866.96
0.135	865.73
0.1355	865.165
0.136	864.866
0.1365	864.307
0.137	863.831
0.1375	863.662
0.138	863.879
0.1385	864.284
0.139	865.263
0.1395	866.966
0.14	869.193
0.1405	871.62
0.141	873.775
0.1415	875.846
0.142	877.55
0.1425	878.656
0.143	879.26
0.1435	880.043
0.144	880.878
0.1445	881.507
0.145	882.341
0.1455	883.35
0.146	884.376
0.1465	885.593
0.147	886.467
0.1475	886.578
0.148	885.489
0.1485	884.046
0.149	882.29
0.1495	880.249
0.15	878.554
0.1505	877.616
0.151	877.551
0.1515	878.355
0.152	879.803
0.1525	881.289
0.153	882.993
0.1535	884.346
0.154	885.514
0.1545	886.328
0.155	886.783
0.1555	887.102
0.156	887.554
0.1565	888.218
0.157	888.68
0.1575	889.038
0.158	888.491
0.1585	887.601
0.159	886.66
0.1595	885.763
0.16	885.296
0.1605	885.133
0.161	885.322
0.1615	885.79
0.162	886.175
0.1625	886.749
0.163	887.508
0.1635	888.089
0.164	887.477
0.1645	886.045
0.165	883.886
0.1655	880.686
0.166	877.388
0.1665	873.959
0.167	871.107
0.1675	868.954
0.168	867.806
0.1685	867.169
0.169	866.918
0.1695	866.862
0.17	867.249
0.1705	867.965
0.171	868.903
0.1715	870.625
0.172	872.917
0.1725	875.707
0.173	878.025
0.1735	879.952
0.174	881.453
0.1745	882.609
0.175	883.46
0.1755	883.574
0.176	883.391
0.1765	883.691
0.177	884.875
0.1775	884.615
0.178	883.241
0.1785	881.59
0.179	880.858
0.1795	881.029
0.18	881.914
0.1805	882.833
0.181	884.124
0.1815	885.775
0.182	887.387
0.1825	888.621
0.183	889.976
0.1835	891.249
0.184	892.262
0.1845	892.445
0.185	892.282
0.1855	891.375
0.186	890.124
0.1865	889.42
0.187	889.549
0.1875	889.767
0.188	890.592
0.1885	891.916
0.189	893.438
0.1895	893.688
0.19	892.536
0.1905	889.697
0.191	886.02
0.1915	882.25
0.192	879.065
0.1925	876.562
0.193	874.52
0.1935	873.247
0.194	871.986
0.1945	870.669
0.195	869.698
0.1955	869.208
0.196	868.699
0.1965	868.291
0.197	868.071
0.1975	868.239
0.198	868.569
0.1985	868.994
0.199	869.723
0.1995	870.74
0.2	871.89
0.2005	873.083
0.201	873.886
0.2015	874.456
0.202	874.999
0.2025	875.207
0.203	874.866
0.2035	874.032
0.204	873.24
0.2045	871.929
0.205	870.037
0.2055	868.138
0.206	866.558
0.2065	865.502
0.207	864.492
0.2075	864.132
0.208	864.507
0.2085	865.771
0.209	867.069
0.2095	868.283
0.21	868.981
0.2105	869.054
0.211	868.211
0.2115	867.628
0.212	867.559
0.2125	868.535
0.213	870.569
0.2135	873.582
0.214	877.607
0.2145	881.333
0.215	884.352
0.2155	886.84
0.216	889.045
0.2165	891.887
0.217	895.155
0.2175	897.79
0.218	898.13
0.2185	896.841
0.219	894.68
0.2195	892.755
0.22	890.675
0.2205	888.632
0.221	886.104
0.2215	883.674
0.222	880.445
0.2225	877.323
0.223	874.782
0.2235	873.356
0.224	872.536
0.2245	872.467
0.225	871.755
0.2255	870.828
0.226	869.711
0.2265	868.822
0.227	867.786
0.2275	867.308
0.228	867.416
0.2285	867.374
0.229	866.785
0.2295	866.088
0.23	866.184
0.2305	866.808
0.231	867.644
0.2315	868.493
0.232	868.58
0.2325	867.797
0.233	866.253
0.2335	865.047
0.234	864.259
0.2345	864.146
0.235	864.904
0.2355	866.82
0.236	869.665
0.2365	873.184
0.237	876.555
0.2375	879.981
0.238	882.893
0.2385	885.176
0.239	886.639
0.2395	886.464
0.24	884.102
0.2405	881.263
0.241	877.848
0.2415	874.559
0.242	871.729
0.2425	870.022
0.243	869.116
0.2435	868.764
0.244	868.735
0.2445	868.866
0.245	868.864
0.2455	868.289
0.246	867.231
0.2465	866.133
0.247	865.304
0.2475	864.072
0.248	862.774
0.2485	861.599
0.249	860.611
0.2495	860.391
0.25	860.897
0.2505	861.894
0.251	863.359
0.2515	865.245
0.252	867.207
0.2525	868.998
0.253	870.822
0.2535	872.758
0.254	874.544
0.2545	875.69
0.255	876.659
0.2555	877.023
0.256	876.757
0.2565	875.796
0.257	874.622
0.2575	873.361
0.258	872.019
0.2585	870.699
0.259	869.498
0.2595	867.956
0.26	866.861
0.2605	865.859
0.261	865.476
0.2615	865.815
0.262	866.537
0.2625	867.574
0.263	868.459
0.2635	869.629
0.264	871.363
0.2645	873.212
0.265	874.854
0.2655	875.695
0.266	875.485
0.2665	874.554
0.267	873.531
0.2675	873.08
0.268	873.478
0.2685	874.845
0.269	876.504
0.2695	877.607
0.27	878.341
0.2705	878.593
0.271	878.537
0.2715	878.205
0.272	877.734
0.2725	877.614
0.273	877.455
0.2735	877.553
0.274	878.608
0.2745	879.892
0.275	881.411
0.2755	882.023
0.276	881.947
0.2765	881.147
0.277	879.637
0.2775	877.094
0.278	873.693
0.2785	869.551
0.279	865.549
0.2795	861.688
0.28	858.581
0.2805	855.977
0.281	852.736
0.2815	848.704
0.282	843.793
0.2825	838.75
0.283	834.602
0.2835	831.742
0.284	830.101
0.2845	829.357
0.285	829.508
0.2855	830.771
0.286	833.039
0.2865	836.243
0.287	839.812
0.2875	843.062
0.288	846.385
0.2885	849.382
0.289	851.875
0.2895	854.296
0.29	856.02
0.2905	857.158
0.291	857.512
0.2915	857.659
0.292	858.415
0.2925	860.215
0.293	862.626
0.2935	865.763
0.294	870.435
0.2945	876.127
0.295	880.894
0.2955	884.431
0.296	886.08
0.2965	887.006
0.297	887.461
0.2975	887.318
0.298	887.163
0.2985	886.85
0.299	886.574
0.2995	886.832
0.3	886.588
0.3005	886.209
0.301	885.317
0.3015	884.531
0.302	883.144
0.3025	881.766
0.303	880.198
0.3035	877.928
0.304	874.698
0.3045	871.34
0.305	868.263
0.3055	865.616
0.306	863.806
0.3065	863.218
0.307	863.153
0.3075	863.594
0.308	864.435
0.3085	865.247
0.309	865.603
0.3095	865.628
0.31	865.756
0.3105	865.767
0.311	865.887
0.3115	866.382
0.312	867.627
0.3125	869.258
0.313	871.74
0.3135	875.288
0.314	878.129
0.3145	879.182
0.315	879.283
0.3155	878.768
0.316	878.833
0.3165	879.085
0.317	879.481
0.3175	879.78
0.318	880.098
0.3185	880.32
0.319	879.717
0.3195	878.498
0.32	876.961
0.3205	875.827
0.321	874.76
0.3215	873.533
0.322	871.554
0.3225	868.856
0.323	866.404
0.3235	864.197
0.324	862.129
0.3245	860.891
0.325	859.888
0.3255	858.553
0.326	857.197
0.3265	856.437
0.327	856.363
0.3275	856.238
0.328	856.519
0.3285	856.937
0.329	857.594
0.3295	858.635
0.33	860.25
0.3305	862.485
0.331	864.682
0.3315	866.646
0.332	868.502
0.3325	870.622
0.333	872.64
0.3335	874.624
0.334	876.091
0.3345	877.335
0.335	878.679
0.3355	880.505
0.336	883.023
0.3365	886.404
0.337	890.093
0.3375	893.242
0.338	895.851
0.3385	897.824
0.339	898.978
0.3395	899.655
0.34	900.262
0.3405	900.552
0.341	900.474
0.3415	899.951
0.342	899.044
0.3425	898.167
0.343	897.136
0.3435	895.577
0.344	893.676
0.3445	891.372
0.345	889.069
0.3455	886.501
0.346	883.612
0.3465	880.255
0.347	876.888
0.3475	873.528
0.348	870.639
0.3485	868.318
0.349	866.594
0.3495	865.261
0.35	864.433
0.3505	864.961
0.351	866.929
0.3515	869.247
0.352	870.235
0.3525	870.558
0.353	870.027
0.3535	869.86
0.354	869.816
0.3545	869.636
0.355	869.602
0.3555	869.272
0.356	868.56
0.3565	867.505
0.357	866.584
0.3575	866.398
0.358	866.861
0.3585	868.252
0.359	870.403
0.3595	873.292
0.36	876.891
0.3605	879.355
0.361	880.55
0.3615	880.414
0.362	879.693
0.3625	878.099
0.363	876.73
0.3635	876.334
0.364	877.632
0.3645	880.396
0.365	884.603
0.3655	889.542
0.366	894.581
0.3665	898.668
0.367	901.907
0.3675	904.128
0.368	905.589
0.3685	906.204
0.369	906.416
0.3695	906.464
0.37	906.336
0.3705	905.698
0.371	904.546
0.3715	902.369
0.372	899.84
0.3725	897.404
0.373	894.508
0.3735	890.984
0.374	887.198
0.3745	883.034
0.375	878.138
0.3755	872.981
0.376	867.894
0.3765	863.238
0.377	858.783
0.3775	854.151
0.378	849.789
0.3785	846.159
0.379	843.831
0.3795	842.273
0.38	841.416
0.3805	841.386
0.381	842.386
0.3815	843.955
0.382	845.382
0.3825	846.497
0.383	847.716
0.3835	848.779
0.384	849.304
0.3845	849.5
0.385	849.414
0.3855	849.551
0.386	850.28
0.3865	851.598
0.387	853.417
0.3875	855.412
0.388	857.977
0.3885	860.553
0.389	862.67
0.3895	864.32
0.39	866.067
0.3905	868.629
0.391	873.073
0.3915	878.631
0.392	884.947
0.3925	891.261
0.393	896.719
0.3935	900.502
0.394	902.076
0.3945	902.742
0.395	902.745
0.3955	903.054
0.396	903.518
0.3965	903.083
0.397	902.238
0.3975	899.892
0.398	896.517
0.3985	893.034
0.399	889.438
0.3995	884.76
0.4	879.553
0.4005	875.117
0.401	872.078
0.4015	871.021
0.402	871.059
0.4025	872.296
0.403	875.326
0.4035	879.019
0.404	881.301
0.4045	882.311
0.405	882.784
0.4055	883.04
0.406	882.801
0.4065	882.385
0.407	882.763
0.4075	884.739
0.408	887.702
0.4085	890.63
0.409	892.94
0.4095	894.788
0.41	896.28
0.4105	897.364
0.411	898.044
0.4115	898.83
0.412	899.717
0.4125	900.608
0.413	900.681
0.4135	899.782
0.414	897.938
0.4145	894.519
0.415	889.734
0.4155	884.294
0.416	878.731
0.4165	873.158
0.417	868.154
0.4175	863.379
0.418	859.809
0.4185	857.111
0.419	856.081
0.4195	857.444
0.42	860.928
0.4205	865.397
0.421	869.014
0.4215	870.605
0.422	869.958
0.4225	868.039
0.423	865.655
0.4235	864.192
0.424	863.463
0.4245	864.047
0.425	864.183
0.4255	863.352
0.426	861.839
0.4265	860.065
0.427	858.579
0.4275	857.919
0.428	857.896
0.4285	858.49
0.429	859.851
0.4295	862.235
0.43	865.518
0.4305	869.457
0.431	874.343
0.4315	879.141
0.432	883.207
0.4325	886.291
0.433	888.766
0.4335	890.225
0.434	890.71
0.4345	890.42
0.435	889.585
0.4355	888.275
0.436	886.803
0.4365	885.697
0.437	885.729
0.4375	886.967
0.438	888.319
0.4385	889.609
0.439	890.123
0.4395	889.864
0.44	888.461
0.4405	886.256
0.441	884.625
0.4415	883.672
0.442	882.509
0.4425	880.738
0.443	879.204
0.4435	877.469
0.444	875.817
0.4445	874.57
0.445	873.761
0.4455	873.475
0.446	873.751
0.4465	874.369
0.447	875.416
0.4475	876.614
0.448	878.015
0.4485	879.433
0.449	880.791
0.4495	881.797
0.45	881.973
0.4505	881.463
0.451	880.741
0.4515	880.098
0.452	879.282
0.4525	878.191
0.453	877.02
0.4535	876.462
0.454	876.153
0.4545	876.101
0.455	876.736
0.4555	878.392
0.456	880.778
0.4565	883.647
0.457	886.399
0.4575	889.294
0.458	891.294
0.4585	892.056
0.459	892.181
0.4595	891.552
0.46	890.214
0.4605	888.86
0.461	887.779
0.4615	886.247
0.462	883.166
0.4625	879.085
0.463	874.682
0.4635	870.221
0.464	867.301
0.4645	864.953
0.465	862.767
0.4655	860.484
0.466	858.677
0.4665	857.409
0.467	856.508
0.4675	856.423
0.468	857.241
0.4685	858.178
0.469	859.685
0.4695	861.382
0.47	863.804
0.4705	866.616
0.471	869.298
0.4715	871.621
0.472	872.603
0.4725	872.279
0.473	871.12
0.4735	869.634
0.474	868.083
0.4745	866.487
0.475	864.65
0.4755	863.099
0.476	861.82
0.4765	861.169
0.477	860.459
0.4775	860.208
0.478	859.645
0.4785	858.381
0.479	856.626
0.4795	855.155
0.48	854.447
0.4805	854.382
0.481	855.197
0.4815	856.953
0.482	859.228
0.4825	861.391
0.483	863.641
0.4835	865.901
0.484	867.368
0.4845	868.062
0.485	868.151
0.4855	868.016
0.486	867.989
0.4865	868.248
0.487	868.529
0.4875	868.638
0.488	869.224
0.4885	869.737
0.489	870.9
0.4895	872.625
0.49	874.682
0.4905	876.863
0.491	878.601
0.4915	879.038
0.492	877.926
0.4925	875.837
0.493	873.686
0.4935	871.746
0.494	870.921
0.4945	870.777
0.495	871.379
0.4955	871.996
0.496	872.694
0.4965	873.921
0.497	875.509
0.4975	877.781
0.498	881.026
0.4985	884.757
0.499	887.91
0.4995	890.428
0.5	892.453
